../phase_3_bsr/25ShortestPaths/case0/vnr/vn0.txt.path
../phase_3_bsr/25ShortestPaths/case0/vnr/vn0.txt
../phase_3_bsr/25ShortestPaths/case0/vnr/vnloc0.txt
000000000000 000000000000 000000000000 000000000000 000000000000 000000000000 000000000000 000000000000 000000000000 000000000000 
3 5 3 6 8 4 5 8 10 5 
291 317 521 683 709 764 790 859 885 889 
{0}
{0}
{35}

000000000001 000000000001 000000000001 000000000001 000000000001 000000000001 000000000001 000000000001 000000000001 000000000001 
3 4 5 7 6 8 4 6 8 4 
465 536 607 633 678 704 708 743 769 771 
{0}
{1}
{33}

000000000000 000000000111 000000000111 000000000111 000000000111 000000000111 000000000111 000000000111 000000000111 000000000111 
2 3 5 4 6 5 7 9 7 6 
113 425 601 758 934 939 1081 1107 1115 1127 
{0}
{0}
{51}

000000000111 000000000111 000000000011 000000000111 000000000011 000000000111 000000000111 000000000111 000000000111 000000000011 
2 4 5 6 7 5 6 7 8 6 
218 594 610 620 786 837 863 863 889 943 
{0}
{3}
{35}

000000001111 000000001001 000000001001 000000001111 000000001111 000000001001 000000000001 000000000111 000000000000 000000000110 
4 3 5 6 8 4 5 5 7 7 
331 497 673 707 733 830 863 873 889 899 
{0}
{4}
{34}

000000011001 000000011001 000000011111 000000011111 000000000000 000000000110 000000011001 000000011111 000000011001 000000011111 
3 5 6 8 3 3 4 8 6 10 
407 433 567 593 627 637 740 743 766 769 
{4 4 5}
{0 1 3}
{24 24 16}

000000011001 000000011001 000000011111 000000011111 000000001011 000000001111 000000011011 000000011111 000000001011 000000011011 
4 4 7 7 4 4 5 9 6 5 
399 441 559 601 661 671 732 735 765 774 
{0 0}
{1 5}
{34 39}

000000000000 000000000110 000000000000 000000000111 000000000011 000000001110 000000001011 000000001110 000001101111 000001111111 
1 2 3 3 4 4 5 5 5 6 
254 379 450 493 564 836 887 907 961 978 
{0}
{0}
{20}

42.1
